7.4 
5.0 
6.3 
8.7 
4.9 
7.4 
11.0 
8.5 
8.0 
10.7 
9.1 
6.9 
3.8 
3.2 
6.5 
6.6 
7.6 
4.5 
6.2 
10.7 
6.4 
2.1 
2.3 
1.7 
1.3 
0.7 
4.3 
5.2 
5.4 
5.4 
7.1 
7.6 
5.7 
5.6 
6.9 
5.5 
5.4 
3.2 
4.2 
6.9 
9.1 
8.3 
9.9 
4.6 
3.4 
2.9 
1.8 
2.5 
5.5 
2.9 
1.3 
1.5 
1.4 
0.5 
1.0 
0.5 
2.3 
0.2 
-1.2 
2.3 
1.0 
0.2 
0.6 
1.4 
1.6 
3.3 
5.0 
5.2 
5.2 
6.1 
4.4 
2.5 
3.6 
8.4 
12.0 
12.9 
11.0 
10.3 
9.7 
10.8 
12.2 
11.4 
11.6 
11.2 
9.9 
8.9 
9.4 
8.0 
9.2 
9.8 
10.6 
11.0 
12.2 
10.2 
7.6 
9.3 
8.2 
4.9 
5.1 
9.2 
10.1 
9.7 
9.1 
8.2 
6.9 
6.3 
7.5 
10.5 
8.3 
8.5 
9.7 
9.8 
10.2 
10.5 
10.7 
10.9 
10.4 
11.4 
13.3 
15.4 
17.8 
15.2 
13.1 
10.8 
10.0 
12.0 
11.0 
9.1 
8.2 
7.8 
7.2 
8.5 
10.2 
9.6 
10.3 
9.9 
8.5 
10.3 
12.4 
14.1 
12.2 
12.7 
11.6 
12.8 
14.7 
18.2 
20.7 
16.6 
13.0 
13.2 
13.6 
13.4 
15.5 
14.7 
14.4 
14.1 
13.3 
11.6 
13.1 
14.8 
15.0 
11.4 
13.7 
12.8 
14.3 
14.4 
16.8 
20.6 
22.1 
23.6 
21.7 
20.4 
21.0 
22.8 
22.9 
17.6 
15.6 
16.7 
17.3 
19.0 
16.8 
16.9 
18.4 
17.0 
14.7 
14.1 
15.5 
15.6 
15.5 
17.0 
19.8 
19.7 
17.8 
20.3 
22.0 
20.7 
18.6 
19.7 
18.9 
17.8 
18.2 
17.5 
17.1 
18.0 
16.6 
16.4 
15.8 
15.4 
19.1 
17.6 
15.9 
16.1 
16.1 
16.9 
17.2 
16.7 
17.0 
15.3 
14.9 
14.6 
16.6 
17.3 
18.4 
16.7 
15.6 
15.8 
16.1 
17.5 
17.8 
19.7 
16.3 
15.8 
17.0 
15.2 
16.3 
14.8 
14.2 
14.2 
15.1 
16.7 
17.5 
18.8 
21.7 
18.9 
16.8 
18.2 
20.2 
19.7 
18.0 
18.4 
17.9 
18.8 
17.5 
17.1 
16.8 
16.0 
18.0 
16.6 
12.4 
10.7 
13.3 
15.4 
15.5 
15.3 
15.0 
14.6 
12.8 
15.4 
14.2 
16.2 
12.5 
12.1 
15.8 
13.2 
11.1 
12.0 
12.3 
14.1 
15.9 
15.4 
15.0 
10.9 
15.5 
17.4 
17.2 
14.5 
14.2 
15.4 
13.6 
13.4 
11.5 
12.8 
11.8 
13.2 
12.7 
10.8 
14.9 
14.8 
15.2 
16.6 
16.2 
14.8 
16.5 
13.4 
11.4 
15.1 
14.2 
10.5 
9.3 
13.0 
10.9 
13.8 
8.1 
11.1 
13.2 
8.0 
5.4 
3.6 
7.8 
5.7 
1.3 
0.4 
1.2 
-0.7 
0.4 
4.6 
3.1 
3.3 
0.6 
3.6 
2.9 
2.1 
1.1 
2.4 
7.8 
8.1 
7.3 
5.6 
4.8 
4.5 
2.8 
5.6 
2.3 
3.6 
1.3 
5.1 
3.6 
5.7 
6.4 
8.2 
1.2 
-0.6 
4.6 
1.0 
6.9 
6.9 
6.9 
6.4 
3.4 
2.4 
0.4 
-1.2 
-2.0 
3.6 
5.8 
