7.6 
7.9 
4.0 
2.2 
6.4 
6.4 
5.1 
8.5 
10.9 
9.5 
5.2 
9.6 
7.6 
4.2 
7.5 
3.9 
0.8 
1.2 
0.6 
0.3 
2.5 
1.2 
0.7 
4.1 
3.0 
7.0 
4.7 
5.8 
2.1 
1.9 
1.4 
2.1 
-1.1 
0.8 
1.5 
1.5 
1.7 
2.9 
3.5 
3.5 
3.3 
3.6 
2.9 
5.4 
5.9 
5.7 
5.3 
3.9 
3.3 
5.6 
5.6 
2.2 
2.6 
5.3 
5.3 
6.4 
8.4 
3.9 
6.7 
8.1 
4.4 
4.4 
4.5 
4.3 
5.4 
8.4 
8.4 
6.9 
7.1 
6.0 
7.6 
7.1 
4.9 
5.6 
5.4 
6.4 
5.8 
6.1 
6.3 
6.5 
4.8 
4.9 
6.0 
4.2 
6.6 
6.8 
9.9 
10.1 
7.9 
9.7 
6.6 
7.8 
8.6 
7.6 
7.4 
7.8 
9.0 
9.8 
10.0 
11.0 
9.4 
9.0 
10.1 
12.1 
14.3 
10.8 
9.2 
8.6 
7.2 
9.4 
9.5 
9.2 
9.5 
10.6 
12.5 
9.1 
7.6 
7.9 
8.9 
8.8 
7.8 
8.6 
12.9 
13.6 
13.3 
11.3 
11.4 
11.9 
12.9 
12.1 
15.3 
12.6 
11.6 
9.0 
10.9 
12.9 
11.8 
11.0 
9.7 
10.0 
12.1 
12.8 
13.4 
13.7 
11.7 
13.3 
12.3 
13.4 
10.8 
11.2 
12.3 
10.8 
14.1 
14.2 
15.1 
17.9 
13.2 
13.5 
12.8 
11.2 
12.7 
15.8 
17.7 
15.8 
15.0 
13.2 
15.2 
17.2 
16.4 
14.7 
14.5 
15.7 
13.6 
15.1 
17.0 
17.7 
17.8 
18.4 
17.4 
18.0 
19.8 
25.7 
19.9 
18.7 
21.1 
17.4 
17.0 
17.1 
16.3 
15.9 
18.2 
19.3 
17.4 
17.7 
18.5 
17.9 
18.5 
18.9 
17.1 
17.9 
17.5 
19.1 
17.9 
16.7 
14.9 
15.1 
14.0 
16.4 
15.4 
13.9 
13.8 
14.8 
14.9 
17.3 
19.0 
17.2 
17.1 
17.7 
17.5 
18.6 
18.2 
18.4 
16.2 
17.4 
18.3 
18.3 
16.6 
15.3 
16.2 
15.8 
15.9 
17.5 
19.8 
20.8 
18.6 
14.5 
14.8 
16.5 
15.3 
14.9 
16.6 
16.9 
15.0 
14.6 
13.2 
12.6 
13.4 
12.6 
12.4 
13.3 
12.9 
14.7 
15.5 
15.7 
16.4 
13.0 
13.2 
12.9 
12.9 
13.6 
13.7 
13.7 
14.0 
13.1 
11.3 
12.9 
14.6 
12.2 
12.8 
12.5 
12.9 
13.1 
13.2 
13.0 
11.9 
11.3 
12.2 
14.9 
15.5 
13.3 
12.1 
11.5 
11.8 
11.4 
10.0 
9.5 
9.0 
9.6 
11.0 
10.9 
11.7 
11.5 
10.2 
10.7 
12.2 
10.3 
11.6 
7.4 
10.7 
12.6 
12.3 
12.8 
13.8 
10.9 
9.0 
10.2 
11.0 
11.3 
13.8 
14.4 
14.6 
12.1 
12.2 
14.3 
13.4 
12.8 
10.0 
9.4 
13.4 
12.5 
13.0 
12.2 
10.5 
7.3 
2.8 
1.1 
2.3 
7.6 
6.7 
7.0 
9.7 
5.9 
10.5 
10.4 
11.9 
11.4 
11.5 
9.2 
11.1 
12.3 
11.8 
10.6 
7.6 
10.4 
8.4 
7.9 
8.7 
7.9 
9.2 
12.8 
12.7 
11.5 
13.5 
11.9 
9.6 
12.9 
9.5 
9.3 
9.1 
13.4 
13.1 
10.2 
10.3 
11.3 
8.5 
