9.6
3.1
1.6
2.1
8.8
7.3
3.3
1.9
2.5
-0.1
-0.1
-0.1
4.9
7.1
8.9
7.9
5.0
2.7
2.8
4.1
3.1
3.8
5.6
9.7
6.3
6.0
8.6
8.9
6.8
5.4
5.9
4.5
3.6
5.5
8.7
6.9
4.9
4.1
4.8
4.3
4.2
3.8
4.6
4.2
3.3
3.5
3.3
2.2
2.8
5.2
11.8
13.4
10.8
10.1
10.8
8.8
6.5
6.7
5.7
4.7
4.7
5.5
7.2
8.1
10.5
12.7
11.0
10.8
9.8
6.8
5.8
4.3
4.6
4.7
5.2
6.2
6.1
9.7
12.7
12.3
13.1
10.6
9.3
10.2
12.1
10.9
11.3
10.0
11.0
10.7
9.4
11.1
12.8
13.8
10.8
9.4
9.0
9.3
7.8
10.1
14.2
14.2
13.5
11.7
12.2
11.3
11.7
13.3
12.2
9.3
12.3
12.2
10.2
11.4
10.3
12.1
14.4
16.3
15.5
16.4
18.9
18.4
14.3
10.3
9.5
10.2
11.1
11.8
12.8
15.3
17.2
18.9
17.4
15.0
11.9
12.4
14.1
12.8
14.3
15.4
15.1
11.7
14.0
16.9
16.8
15.0
15.5
17.7
19.2
19.5
20.7
17.5
16.9
14.7
15.0
14.4
15.8
14.2
14.6
16.5
18.0
16.9
19.9
22.2
20.1
19.4
20.8
22.0
22.8
24.0
22.1
24.6
22.4
19.5
20.0
22.1
21.3
20.6
23.8
23.9
25.2
27.3
19.7
19.6
21.6
20.0
19.8
17.4
18.8
21.4
23.4
24.2
22.1
20.7
21.5
19.0
19.9
22.3
24.2
20.1
19.1
18.7
19.4
19.3
18.0
21.4
20.3
18.6
19.9
18.3
20.4
19.8
16.9
17.6
19.6
20.4
18.8
18.4
19.4
20.6
20.5
21.1
22.0
24.2
22.1
22.4
22.9
18.6
18.6
18.9
19.5
17.4
17.0
17.4
18.5
19.4
20.9
20.3
18.9
18.1
17.3
17.7
18.2
17.2
16.4
18.3
16.8
17.2
18.5
20.5
17.6
16.8
16.1
14.7
14.6
14.6
14.7
16.7
15.8
16.8
19.5
20.0
17.4
13.1
11.8
12.0
13.5
13.8
12.9
13.9
13.8
13.5
14.5
14.4
14.8
16.6
13.7
13.9
15.4
14.9
14.8
13.6
14.7
13.3
12.2
14.5
12.4
12.2
13.3
13.5
13.0
13.8
14.1
13.6
12.1
10.3
9.8
10.1
8.8
12.2
13.4
11.5
10.5
15.1
13.3
9.9
13.9
15.1
16.1
15.7
14.0
12.5
11.7
12.4
13.3
14.9
14.8
13.5
12.1
9.4
6.2
4.6
4.2
2.5
3.2
6.8
8.7
6.7
5.7
5.1
12.4
11.3
9.6
6.4
10.7
9.4
8.0
7.2
6.4
11.0
11.7
12.9
13.5
11.6
10.2
10.7
8.0
9.5
10.9
10.3
7.4
11.5
9.2
7.5
9.6
9.0
7.5
5.3
4.6
4.9
5.7
6.8
5.7
4.8
1.6
